TAGS
0	#undef	0,0,1,0,0,0,0,0,
1	#end-of-file	0,0,1,0,0,0,0,0,
2	#text	1,1,1,1,1,1,1,1,
3	#document	1,1,1,1,1,1,1,1,
4	!--	1,1,1,1,1,1,1,1,
5	!doctype	1,1,1,1,1,1,1,1,
6	?ProcessingInstruction	1,1,1,1,1,1,1,1,
7	a	0,0,4,0,0,0,0,0,
8	abbr	0,0,1,0,0,0,0,0,
9	acronym	0,0,1,0,0,0,0,0,
10	address	0,0,2,0,0,0,0,0,
11	altglyph	0,0,0,0,1,0,0,0,
12	altglyphdef	0,0,0,0,1,0,0,0,
13	altglyphitem	0,0,0,0,1,0,0,0,
14	animatecolor	0,0,0,0,1,0,0,0,
15	animatemotion	0,0,0,0,1,0,0,0,
16	animatetransform	0,0,0,0,1,0,0,0,
17	annotation-xml	0,0,0,58,0,0,0,0,
18	applet	0,0,58,0,0,0,0,0,
19	area	0,0,2,0,0,0,0,0,
20	article	0,0,2,0,0,0,0,0,
21	aside	0,0,2,0,0,0,0,0,
22	audio	0,0,1,0,0,0,0,0,
23	b	0,0,4,0,0,0,0,0,
24	base	0,0,2,0,0,0,0,0,
25	basefont	0,0,2,0,0,0,0,0,
26	bdi	0,0,1,0,0,0,0,0,
27	bdo	0,0,1,0,0,0,0,0,
28	bgsound	0,0,2,0,0,0,0,0,
29	big	0,0,4,0,0,0,0,0,
30	blink	0,0,1,0,0,0,0,0,
31	blockquote	0,0,2,0,0,0,0,0,
32	body	0,0,2,0,0,0,0,0,
33	br	0,0,2,0,0,0,0,0,
34	button	0,0,34,0,0,0,0,0,
35	canvas	0,0,1,0,0,0,0,0,
36	caption	0,0,58,0,0,0,0,0,
37	center	0,0,2,0,0,0,0,0,
38	cite	0,0,1,0,0,0,0,0,
39	clippath	0,0,0,0,1,0,0,0,
40	code	0,0,4,0,0,0,0,0,
41	col	0,0,2,0,0,0,0,0,
42	colgroup	0,0,2,0,0,0,0,0,
43	data	0,0,1,0,0,0,0,0,
44	datalist	0,0,1,0,0,0,0,0,
45	dd	0,0,2,0,0,0,0,0,
46	del	0,0,1,0,0,0,0,0,
47	desc	0,0,0,0,58,0,0,0,
48	details	0,0,2,0,0,0,0,0,
49	dfn	0,0,1,0,0,0,0,0,
50	dialog	0,0,1,0,0,0,0,0,
51	dir	0,0,2,0,0,0,0,0,
52	div	0,0,2,0,0,0,0,0,
53	dl	0,0,2,0,0,0,0,0,
54	dt	0,0,2,0,0,0,0,0,
55	em	0,0,4,0,0,0,0,0,
56	embed	0,0,2,0,0,0,0,0,
57	feblend	0,0,0,0,1,0,0,0,
58	fecolormatrix	0,0,0,0,1,0,0,0,
59	fecomponenttransfer	0,0,0,0,1,0,0,0,
60	fecomposite	0,0,0,0,1,0,0,0,
61	feconvolvematrix	0,0,0,0,1,0,0,0,
62	fediffuselighting	0,0,0,0,1,0,0,0,
63	fedisplacementmap	0,0,0,0,1,0,0,0,
64	fedistantlight	0,0,0,0,1,0,0,0,
65	fedropshadow	0,0,0,0,1,0,0,0,
66	feflood	0,0,0,0,1,0,0,0,
67	fefunca	0,0,0,0,1,0,0,0,
68	fefuncb	0,0,0,0,1,0,0,0,
69	fefuncg	0,0,0,0,1,0,0,0,
70	fefuncr	0,0,0,0,1,0,0,0,
71	fegaussianblur	0,0,0,0,1,0,0,0,
72	feimage	0,0,0,0,1,0,0,0,
73	femerge	0,0,0,0,1,0,0,0,
74	femergenode	0,0,0,0,1,0,0,0,
75	femorphology	0,0,0,0,1,0,0,0,
76	feoffset	0,0,0,0,1,0,0,0,
77	fepointlight	0,0,0,0,1,0,0,0,
78	fespecularlighting	0,0,0,0,1,0,0,0,
79	fespotlight	0,0,0,0,1,0,0,0,
80	fetile	0,0,0,0,1,0,0,0,
81	feturbulence	0,0,0,0,1,0,0,0,
82	fieldset	0,0,2,0,0,0,0,0,
83	figcaption	0,0,2,0,0,0,0,0,
84	figure	0,0,2,0,0,0,0,0,
85	font	0,0,4,0,0,0,0,0,
86	footer	0,0,2,0,0,0,0,0,
87	foreignobject	0,0,0,0,58,0,0,0,
88	form	0,0,2,0,0,0,0,0,
89	frame	0,0,2,0,0,0,0,0,
90	frameset	0,0,2,0,0,0,0,0,
91	glyphref	0,0,0,0,1,0,0,0,
92	h1	0,0,2,0,0,0,0,0,
93	h2	0,0,2,0,0,0,0,0,
94	h3	0,0,2,0,0,0,0,0,
95	h4	0,0,2,0,0,0,0,0,
96	h5	0,0,2,0,0,0,0,0,
97	h6	0,0,2,0,0,0,0,0,
98	head	0,0,2,0,0,0,0,0,
99	header	0,0,2,0,0,0,0,0,
100	hgroup	0,0,2,0,0,0,0,0,
101	hr	0,0,2,0,0,0,0,0,
102	html	0,0,122,0,0,0,0,0,
103	i	0,0,4,0,0,0,0,0,
104	iframe	0,0,2,0,0,0,0,0,
105	image	0,0,2,0,0,0,0,0,
106	img	0,0,2,0,0,0,0,0,
107	input	0,0,2,0,0,0,0,0,
108	ins	0,0,1,0,0,0,0,0,
109	isindex	0,0,1,0,0,0,0,0,
110	kbd	0,0,1,0,0,0,0,0,
111	keygen	0,0,2,0,0,0,0,0,
112	label	0,0,1,0,0,0,0,0,
113	legend	0,0,1,0,0,0,0,0,
114	li	0,0,2,0,0,0,0,0,
115	lineargradient	0,0,0,0,1,0,0,0,
116	link	0,0,2,0,0,0,0,0,
117	listing	0,0,2,0,0,0,0,0,
118	main	0,0,2,0,0,0,0,0,
119	malignmark	0,0,0,1,0,0,0,0,
120	map	0,0,1,0,0,0,0,0,
121	mark	0,0,1,0,0,0,0,0,
122	marquee	0,0,58,0,0,0,0,0,
123	math	0,0,0,1,0,0,0,0,
124	menu	0,0,2,0,0,0,0,0,
125	meta	0,0,2,0,0,0,0,0,
126	meter	0,0,1,0,0,0,0,0,
127	mfenced	0,0,0,1,0,0,0,0,
128	mglyph	0,0,0,1,0,0,0,0,
129	mi	0,0,0,58,0,0,0,0,
130	mn	0,0,0,58,0,0,0,0,
131	mo	0,0,0,58,0,0,0,0,
132	ms	0,0,0,58,0,0,0,0,
133	mtext	0,0,0,58,0,0,0,0,
134	multicol	0,0,1,0,0,0,0,0,
135	nav	0,0,2,0,0,0,0,0,
136	nextid	0,0,1,0,0,0,0,0,
137	nobr	0,0,4,0,0,0,0,0,
138	noembed	0,0,2,0,0,0,0,0,
139	noframes	0,0,2,0,0,0,0,0,
140	noscript	0,0,2,0,0,0,0,0,
141	object	0,0,58,0,0,0,0,0,
142	ol	0,0,18,0,0,0,0,0,
143	optgroup	0,0,1,0,0,0,0,0,
144	option	0,0,1,0,0,0,0,0,
145	output	0,0,1,0,0,0,0,0,
146	p	0,0,2,0,0,0,0,0,
147	param	0,0,2,0,0,0,0,0,
148	path	0,0,0,0,1,0,0,0,
149	picture	0,0,1,0,0,0,0,0,
150	plaintext	0,0,2,0,0,0,0,0,
151	pre	0,0,2,0,0,0,0,0,
152	progress	0,0,1,0,0,0,0,0,
153	q	0,0,1,0,0,0,0,0,
154	radialgradient	0,0,0,0,1,0,0,0,
155	rb	0,0,1,0,0,0,0,0,
156	rp	0,0,1,0,0,0,0,0,
157	rt	0,0,1,0,0,0,0,0,
158	rtc	0,0,1,0,0,0,0,0,
159	ruby	0,0,1,0,0,0,0,0,
160	s	0,0,4,0,0,0,0,0,
161	samp	0,0,1,0,0,0,0,0,
162	script	0,0,2,0,0,0,0,0,
163	search	0,0,2,0,0,0,0,0,
164	section	0,0,2,0,0,0,0,0,
165	select	0,0,58,0,0,0,0,0,
166	selectedcontent	0,0,1,0,0,0,0,0,
167	slot	0,0,1,0,0,0,0,0,
168	small	0,0,4,0,0,0,0,0,
169	source	0,0,2,0,0,0,0,0,
170	spacer	0,0,1,0,0,0,0,0,
171	span	0,0,1,0,0,0,0,0,
172	strike	0,0,4,0,0,0,0,0,
173	strong	0,0,4,0,0,0,0,0,
174	style	0,0,2,0,0,0,0,0,
175	sub	0,0,1,0,0,0,0,0,
176	summary	0,0,2,0,0,0,0,0,
177	sup	0,0,1,0,0,0,0,0,
178	svg	0,0,0,0,1,0,0,0,
179	table	0,0,122,0,0,0,0,0,
180	tbody	0,0,2,0,0,0,0,0,
181	td	0,0,58,0,0,0,0,0,
182	template	0,0,122,0,0,0,0,0,
183	textarea	0,0,2,0,0,0,0,0,
184	textpath	0,0,0,0,1,0,0,0,
185	tfoot	0,0,2,0,0,0,0,0,
186	th	0,0,58,0,0,0,0,0,
187	thead	0,0,2,0,0,0,0,0,
188	time	0,0,1,0,0,0,0,0,
189	title	0,0,2,0,58,0,0,0,
190	tr	0,0,2,0,0,0,0,0,
191	track	0,0,2,0,0,0,0,0,
192	tt	0,0,4,0,0,0,0,0,
193	u	0,0,4,0,0,0,0,0,
194	ul	0,0,18,0,0,0,0,0,
195	var	0,0,1,0,0,0,0,0,
196	video	0,0,1,0,0,0,0,0,
197	wbr	0,0,2,0,0,0,0,0,
198	xmp	0,0,2,0,0,0,0,0,
ATTRS
0	#undef
1	accept
2	accept-charset
3	active
4	align
5	alink
6	alt
7	axis
8	bgcolor
9	charset
10	checked
11	class
12	clear
13	codetype
14	color
15	compact
16	content
17	declare
18	defer
19	dir
20	direction
21	disabled
22	enctype
23	face
24	focus
25	for
26	frame
27	height
28	hover
29	href
30	hreflang
31	html
32	http-equiv
33	id
34	is
35	lang
36	language
37	link
38	maxlength
39	media
40	method
41	multiple
42	nohref
43	noresize
44	noshade
45	nowrap
46	placeholder
47	pool
48	public
49	readonly
50	rel
51	required
52	rev
53	rules
54	scheme
55	scope
56	scrolling
57	selected
58	shape
59	size
60	slot
61	src
62	style
63	system
64	target
65	text
66	title
67	type
68	valign
69	valuetype
70	vlink
71	width
72	xmlns
